12 12
5 2
10 0
71
 0  0   0   0   0   0  -2   0   0   0
 2  0   0   0   2   0   0   0   0   0
 3  0   0   0   1   0   0   0  -1   0
 4  0   0   0   0   0   2   0  -2   0
 6  0   0   0  -2   0   0   0   0   0
 7  0   0   0  -1   0   0   0  -1   0
 8  0   0   0   0   0   0   0  -2   0
10  0   0   0  -1   0   4   0   0   0
11  0   0   0   0   0   0   0   1   0
 0  1  -1   0   0   0  -1   0   0   0
 4  1   1   0   0   0   1   0   0   0
10  1   1   0   0   0   3   0   0   0
 0  2  -2   0   0   0   0   0   0   0
 2  2   0   0   2   0   0   0   0   0
 3  2   0   0   1   0   0   0  -1   0
 4  2   2   0  -2   0   4   0  -2   0
 5  2   0   0  -1   0   0   0   1   0
 6  2   0   0   0   0   0   0   2   0
 8  2   0   0   0   0   2   0   0   0
10  2   2   0   0   0   2   0   0   0
 4  3   1   0   0   0   3   0   0   0
 8  3  -1   0   0   0   1   0   0   0
10  3   3   0   0   0   1   0   0   0
 0  4   0   0   2   0  -7   0   0   0
 1  4   0   0   1   0   0   0   1   0
 2  4   0   0   0   0   4   0   2   0
 4  4   2   0   0   0   2   0   0   0
 6  4   0   0   0   0   2   0   0   0
 8  4  -2   0   2   0   2   0   0   0
 9  4   0   0   1   0   0   0   1   0
10  4   4   0   0   0   0   0   2   0
 0  5   1   0   0   0  -6   0   0   0
 2  5   1   0   0   0   3   0   0   0
 4  5   3   0   0   0   1   0   0   0
 6  5  -1   0   0   0   1   0   0   0
 8  5   1   0   0   0   1   0   0   0
 0  6   2   0   0   0  -5   0   0   0
 2  6   2   0   0   0   2   0   0   0
 4  6   4   0   2   0   0   0   0   0
 5  6   0   0   1   0   0   0   1   0
 6  6  -2   0   2   0  -2   0   2   0
 7  6   0   0   1   0   0   0   1   0
 8  6   2   0   0   0   0   0   2   0
10  6   0   0   0   0   2   0   0   0
 0  7   3   0   0   0  -4   0   0   0
 2  7   3   0   0   0   1   0   0   0
 6  7   1   0   0   0  -1   0   0   0
10  7  -1   0   0   0   1   0   0   0
 0  8   4   0   0   0  -3   0   0   0
 2  8   4   0   2   0   0   0   0   0
 3  8   0   0   1   0   0   0   1   0
 4  8   0   0   0   0   2   0   2   0
 6  8   2   0   0   0   0   0   0   0
 8  8   0   0   2   0   0   0   0   0
 9  8   0   0   1   0   0   0  -1   0
10  8  -2   0   0   0   2   0  -2   0
 0  9   5   0   0   0  -2   0   0   0
 4  9   1   0   0   0   1   0   0   0
10  9   1   0   0   0   1   0   0   0
 0 10   6   0   0   0  -1   0   0   0
 2 10   0   0   2   0  -1   0   0   0
 3 10   0   0   1   0   0   0   1   0
 4 10   2   0  -2   0   0   0   2   0
 5 10   0   0  -1   0   0   0   1   0
 6 10   0   0   0   0   0   0   2   0
 8 10   0   0   2   0   0   0   0   0
 9 10   0   0   1   0   0   0  -1   0
10 10   2   0   0   0  -1   0  -2   0
 0 11   7   0   0   0   0   0   0   0
 2 11   1   0   0   0   0   0   0   0
10 11   1   0   0   0   0   0   0   0